Validation report
=================
              precision    recall  f1-score   support

      B-Area     0.6959    0.9375    0.7988       144
       B-Exp     0.7640    0.9389    0.8425       131
  B-Features     0.4313    0.9381    0.5909        97
   B-HackOrg     0.6886    0.8826    0.7737       426
      B-Idus     0.6269    0.8155    0.7089       103
    B-OffAct     0.4000    0.6400    0.4923       100
       B-Org     0.5195    0.7207    0.6038       111
      B-Purp     0.3670    0.8415    0.5111        82
   B-SamFile     0.5682    0.7853    0.6593       191
   B-SecTeam     0.9193    0.8315    0.8732       178
      B-Time     0.7721    0.9071    0.8342       183
      B-Tool     0.4641    0.6940    0.5563       317
       B-Way     0.4859    0.7890    0.6014       109
      I-Area     0.6000    0.9375    0.7317        48
       I-Exp     0.5062    1.0000    0.6721        41
  I-Features     0.3652    0.7471    0.4906        87
   I-HackOrg     0.4752    0.9504    0.6336       141
      I-Idus     0.4189    0.8378    0.5586        37
    I-OffAct     0.3564    0.5538    0.4337        65
       I-Org     0.3099    0.7681    0.4417        69
      I-Purp     0.3618    0.5538    0.4377       130
   I-SamFile     0.4590    0.9438    0.6176        89
   I-SecTeam     0.6105    0.8923    0.7250        65
      I-Time     0.6306    0.8140    0.7107        86
      I-Tool     0.3816    0.5577    0.4531       156
       I-Way     0.4293    0.7944    0.5574       107
           O     0.9839    0.8655    0.9209     14309

    accuracy                         0.8543     17602
   macro avg     0.5404    0.8125    0.6382     17602
weighted avg     0.9042    0.8543    0.8704     17602


Test report
===========
              precision    recall  f1-score   support

      B-Area     0.7734    0.9167    0.8390       216
       B-Exp     0.8344    0.9924    0.9066       132
  B-Features     0.5167    0.9310    0.6646       116
   B-HackOrg     0.7430    0.8618    0.7980       369
      B-Idus     0.6292    0.8819    0.7344       127
    B-OffAct     0.7389    0.7733    0.7557       150
       B-Org     0.5943    0.7591    0.6667       137
      B-Purp     0.5176    0.8957    0.6561       115
   B-SamFile     0.6388    0.8629    0.7341       248
   B-SecTeam     0.8812    0.9276    0.9038       152
      B-Time     0.8071    0.9521    0.8736       167
      B-Tool     0.5115    0.7746    0.6162       315
       B-Way     0.6067    0.9100    0.7280       100
      I-Area     0.6250    0.8654    0.7258        52
       I-Exp     0.6901    1.0000    0.8167        49
  I-Features     0.5663    0.7351    0.6398       151
   I-HackOrg     0.5785    0.9699    0.7247       133
      I-Idus     0.4675    0.9474    0.6261        38
    I-OffAct     0.6579    0.8242    0.7317        91
       I-Org     0.4737    0.8020    0.5956       101
      I-Purp     0.4137    0.7931    0.5437       145
   I-SamFile     0.5227    0.9684    0.6790        95
   I-SecTeam     0.5258    0.9107    0.6667        56
      I-Time     0.7258    0.8911    0.8000       101
      I-Tool     0.5152    0.7391    0.6071       161
       I-Way     0.5247    0.9551    0.6773        89
           O     0.9910    0.8882    0.9368     14110

    accuracy                         0.8833     17716
   macro avg     0.6322    0.8788    0.7277     17716
weighted avg     0.9184    0.8833    0.8939     17716
